EUCLIDEAN
100
5.406618839745169 4.2812447440440105
2.806126819970234 59.9101906276256
37.331060458039936 14.825345671845891
66.03421500779177 14.735735136087492
87.54488662888109 98.5858151777365
95.86795877706132 75.04859887709348
79.72046775909702 90.00724528473506
86.09198858139705 59.46241252687293
5.436349113692252 75.42009585901654
85.40515082975408 86.4811976646551
74.71707229108296 64.42743450443149
90.46112750737187 79.75953867390416
25.072738715459174 1.7302564544845023
83.66856204803345 80.68957519873696
82.76878879236264 31.70612504785374
72.1876588298504 32.7777157561661
55.07766707499575 99.46043400727558
4.374119209035698 34.40305934497124
69.18265181542705 90.70089909581083
40.88682601687517 0.6428084942866841
61.69857700414511 30.083153402038832
43.68494711916667 34.99460779212716
15.817483326054349 49.013107679126044
75.54377837741401 85.01533545618494
71.5553778947359 66.22370498319628
80.2305127652943 52.88509586584169
54.087928487550066 77.40768500198587
49.41372350865606 93.53156818550896
1.2788299435128048 26.295421912068207
57.26815524671457 59.705519682197284
67.40746634510492 9.116828201733574
85.56398464157449 10.41979314765209
74.5220316445248 29.48782671691833
48.93916840266316 35.59741217279806
37.714487776318784 15.474277116434
1.9523006456480752 5.4752621351036534
74.38260556539477 88.86662105793151
94.65671021189164 82.52046052512824
69.75561020675705 69.97526993478685
34.132946484908274 40.538779057777454
7.1023785437473785 64.24522216926933
60.00676157552469 63.20892163731998
28.818669298250654 5.7339429331577545
94.55892494892612 42.122667277783734
3.9437386107634254 37.39469111431105
5.004144162628266 22.474638452679162
65.91982022180109 98.59906051628656
23.56194796509199 66.13682780995417
85.62430660671339 38.21441706146682
8.676185159325712 45.500392365773024
63.62682908211972 5.183329653634161
24.99951389311741 13.30442129769227
87.20585022940827 34.65715719040078
54.955538651812844 61.345596219953876
78.73688394876254 33.41379350892025
35.73930983788697 46.3025293903719
68.44205967664757 32.49097197196006
83.13405918208119 70.92187427218735
47.34241847855889 49.580383149780175
14.795428765589925 0.7354578346982721
12.019491502602442 21.235862775611647
4.1488741716373845 48.46449636393068
58.7208374286714 53.24182380720952
66.94019084528578 40.44212855217915
11.096740939228445 62.05423819755301
17.290134078539054 97.64336679236138
55.521080593953755 10.011722327133432
3.1730301370387792 61.94935299713502
57.76000354925971 18.224829060014216
52.46414540193729 39.09367396313689
52.435159176379884 78.74247487521532
19.58578612798223 15.73241263645957
5.806062338130181 32.345324636464426
67.17158598906575 29.86720242433426
8.590370387069013 92.645840584745
76.62980148601295 45.03353519225842
26.376835186771032 57.311909592951274
10.550897218457134 69.16357891107313
54.39055946547404 7.979561612096486
6.734210262646156 86.2954784061304
5.007871399316787 24.67597102564155
80.06932013281683 75.78147094654577
20.799006814627685 41.60203627536578
39.238867391037694 79.73251868612576
33.65602092061953 55.19580243254427
84.69079880030013 8.333858295158036
37.583953027836536 91.8618061162374
82.96913150474717 45.44601872888935
91.80037477033491 71.98186927143735
79.67018248028029 9.155489587062227
62.05609834278081 51.792017363881605
80.77961086732648 42.37014426760438
39.721824947029184 33.29546756284137
34.72724169147793 31.590060087345883
14.26071624648696 88.03951519593826
29.26296419724065 45.04633445065074
63.671966457269214 58.808698112034506
0.8253257486419474 94.66000523326005
15.284958099251888 63.94809869943512
22.067756395652793 51.12599143612909
0.0 55.689695445956275 33.620648967793336 61.52236817998043 125.06017367684674 114.85326479576932 113.45261261826813 97.75014152533892 71.13885732739469 114.70221175159247 91.76874795006523 113.71562029577885 19.830880268395124 109.37625298761563 82.07940910761944 72.60686029780348 107.36056585913957 30.139505144246282 107.40455781946179 35.66627706497575 61.92352577476561 49.076889526441256 45.92739553899458 106.94491362906706 90.62299214324243 89.22415281778642 87.84842727006443 99.51002711157598 22.397826625746905 75.90434250365006 62.18913055156146 80.39207093234828 73.56841755760641 53.62634813106023 34.19184652679917 3.6548586451767306 109.14381627439526 118.68847330712259 91.95921724174104 46.258087881891754 59.987950370275605 80.33459211825145 23.45707651648562 96.85095220988862 33.14574405683024 18.197844941177113 112.06113471472587 64.46494498619678 87.09958446630336 41.34861780737083 58.22719843724584 21.570796269279583 87.25715049718491 75.57404093939194 78.90521642132833 51.82528829168695 69.05979663868155 102.38421990755536 61.73024567947847 10.036052841138723 18.19860317308786 44.201149819392384 72.3846959373892 71.37219347579631 58.05253019538616 94.11537476839558 50.44103141535 57.711347480223345 54.17841299003692 58.534742113430106 88.06905471754385 18.225751866194738 28.066922441132693 66.85471110830002 88.42193207573287 82.0578510749535 57.02632188698653 65.08594999690575 49.123354800761035 82.02497803818946 20.39862396394751 103.37698637214844 40.37037389093253 82.68927246940498 58.22646221901627 79.38768713479654 93.30453132469316 87.80935023180615 109.75999100397833 74.42335082070345 73.93535719058077 84.45029422154617 44.937272903061256 40.06832065195786 84.22495419993253 47.232592058914044 79.80033774232596 90.4947987121562 60.479046350450034 49.71945089502187
55.689695445956275 0.0 56.78568734637111 77.7079311579191 93.14752464930793 94.28507820189479 82.59327176673213 83.28706546980156 15.73134544789861 86.76760445195384 72.05268607617545 89.87433317344103 62.29531881044804 83.48961764295522 84.79089942286946 74.49810854436781 65.54796466727475 25.555280205913064 73.17042297571662 70.44687527679548 66.01494405323736 47.87341869019362 16.971794687507188 76.94825697151978 69.03853986621651 77.74244333324326 54.184734858203036 57.46881848433062 33.64944741818583 54.462413007058466 82.17845663536004 96.42698001050657 77.90180505431228 52.147566787569296 56.50791160742733 54.44162432479339 77.21183311422774 94.5925682824725 67.7018400578381 36.832339275804834 6.10330052849309 57.295673856868675 60.097572167573254 93.46107185033831 22.5442205214689 37.50002462508208 74.02814970051625 21.669682092929744 85.61283486617732 15.559558825838424 81.81801229391742 51.620191443014726 88.09670260214759 52.169162765196965 80.42101055336087 35.6337338492538 71.1328983920482 81.079182866256 45.718554190046575 60.37708474460811 39.75663119003215 11.524187070174973 56.31094013161586 67.02375406806688 8.563365136239096 40.417558681163044 72.58597309486483 2.0719076266328025 68.97534296109325 53.844648531956466 53.08197229394903 47.257095072906324 27.727629726029445 71.03163713607906 33.242747355755284 75.30770092188685 23.713484713300183 12.066758605753366 73.1966114059048 26.676080122220718 35.302944780195304 78.87647672062974 25.66967561712291 41.4761289801436 31.208034575653727 96.77405417876923 47.227141858010526 81.45747104353143 89.80925115783144 92.10929774060926 59.80354389661228 79.92194592722961 45.5094743105576 42.6730285831516 30.372133932266713 30.346308909933786 60.87580570731938 34.80622340918561 13.115865647877103 21.17008571892653
33.620648967793336 56.78568734637111 0.0 28.703294430344723 97.65881726993565 83.98457412784096 86.30863155407724 66.10670048392487 68.47624669901876 86.2883496764373 62.11345343269963 83.90025891196677 17.937330167984385 80.53111687275695 48.47213496974488 39.208035422577545 86.47566261071935 38.333364699139004 82.28987470759044 14.621485201656087 28.750244509503652 21.146418377093017 40.393527601341304 79.91774819595003 61.75026513227623 57.34899818734199 64.78689545109569 79.6282626255588 37.832868963761044 49.109243201377254 30.613352687839583 48.43370591166882 39.97695196223764 23.795523040563825 0.7537430120257947 36.59345170938336 82.7944892830466 88.7065876623623 63.97550759951151 25.91155320465911 57.93183410954691 53.43367706209542 12.454493446715722 63.404828215564415 40.29998280191879 33.21959056366379 88.51752642086034 53.12679792772062 53.65898139216908 41.97690279260099 28.00778321157514 12.424984975232249 53.67304167685742 49.74691892631661 45.386921155069665 31.517404158442307 35.77664915773262 72.42054413716768 36.16821697993455 26.57780342769428 26.110730601106138 47.250925345757096 43.96985730222726 39.15252440682542 54.025991983672895 85.20835259800957 18.816158009798677 58.20174483470696 20.709857631831476 28.600035279228024 65.67749389017199 17.76844201181686 36.06626081784733 33.41727724591253 82.95816231236178 49.56738605660834 43.87599759681687 60.57904534324853 18.381818891974874 77.74411305645987 33.79087703488623 74.4460076064094 31.469031719220258 64.93520490457587 40.537386381820674 47.80255457827592 77.03687553666852 54.9587040179319 78.95425505723068 42.71707529356752 44.473163979962415 51.444071206983736 18.624208909643446 16.965716065123033 76.76298197140385 31.279423588713588 51.26771518936726 87.78520111020902 53.84306356647703 39.37899609950533
61.52236817998043 77.7079311579191 28.703294430344723 0.0 86.56526391446678 67.288140113482 76.50564524550174 49.01826140480112 85.75950668742121 74.31449756310461 50.444593334825115 69.46055773449218 42.9765635641678 68.27063215281683 23.83359170390867 19.062474539432802 85.43020859986915 64.7207158137881 76.03038070244894 28.827101040369158 15.948072119498397 30.164742605418677 60.800151391668955 70.92005369874943 51.78314666569572 40.70514210893488 63.800368820386836 80.52964698559869 65.77907154393277 45.81621247831723 5.784283393157954 20.0009814058251 17.019613311354114 26.971284493244596 28.329355706082815 64.74757222104215 74.59948976004948 73.57999882968458 55.36474498273788 41.03033035443145 76.96850430737025 48.8464942903932 38.28875951664758 39.54368634004325 66.09580580666982 61.51877901835529 83.86340340096031 66.67807582567026 30.578099905116296 65.08769255825226 9.851089152795662 41.05965604915169 29.070624255823475 47.90841491907083 22.588219558053957 43.75207170804427 17.917760771013306 58.730630013700285 39.54153199723526 53.11704980596953 54.40443010152903 70.47995987776848 39.19444292706675 25.722353210408325 72.5063224071666 96.17515694029267 11.525723067234752 78.61713728497122 8.979774589068798 27.882897500260192 65.43544186095409 46.459120863857 62.749725229453 15.174152860846174 96.7976229864694 32.097089292662886 58.18452032671579 77.72251109496231 13.461819902020064 92.93700780447337 61.83059844251578 62.638375110716055 52.611996704034006 70.30343182059616 51.82050267973485 19.724404829888137 82.20613256663525 35.070114272827325 62.77750283621805 14.733592545546422 37.269202630944065 31.322312607827147 32.199464878510284 35.55551782481867 89.7437426512278 47.65351316514301 44.13622416670509 103.15080314266999 70.69189348334142 57.07276264975831
125.06017367684674 93.14752464930793 97.65881726993565 86.56526391446678 0.0 24.965457760014516 11.610916934460594 39.15037097803777 85.31390557486445 12.29228353187734 36.48763887822062 19.050804388794994 115.25523207433918 18.311234192211764 67.05001165110365 67.5762561492616 32.47899788566726 105.05618829699839 19.98358248571646 108.48874217294583 73.21643525584506 77.2498281587434 87.19101853579387 18.115863742490262 36.09668358454651 46.28234880211804 39.59648021998693 38.4646722793741 112.55102618167528 49.27837092486231 91.70722613947945 88.18827253831796 70.31448471883253 73.87787485353564 96.9050896946119 126.47397306640636 16.36179626852329 17.569110813867244 33.69008243862884 78.88151717769611 87.46584153370954 44.83160635114762 109.86463844790103 56.89713353348305 103.60263323918338 112.27593415043664 21.62507046346007 71.74087552608134 60.40193985406992 95.07015402648078 96.41627341320725 105.75840294169943 63.92955699629016 49.486356802597975 65.76452934229539 73.60271570649299 68.80004575553095 28.01337225667697 63.38588812680879 121.93102989626166 108.1068936080928 97.29872297930694 53.72991127581112 61.68664185012447 84.72824261157214 70.26107361027788 94.185423910868 91.98282735919068 85.70313500613307 69.0649930958489 40.32928360571978 107.15934701909183 105.20949569113334 71.67509412419602 79.17764162403394 54.653323552361364 73.79068911079763 82.42416145927017 96.48161791170007 81.7399400093238 110.79270709569424 23.99837932552365 87.76197086536418 51.854780716993474 69.18600330522781 90.29707380900035 50.41137951045483 53.336436903686646 26.942143884764366 89.77635602251854 53.285437430292106 56.62129115453085 80.93129629692122 85.3119851888654 74.0391387844419 79.14075106324012 46.39111293748744 86.80837645631702 80.13281895664417 80.86834642283458
114.85326479576932 94.28507820189479 83.98457412784096 67.288140113482 24.965457760014516 0.0 22.011419048395904 18.398336832722613 90.43237272302173 15.497569653968034 23.66789242357347 7.171246624406821 101.91929414575839 13.440457373674388 45.278673698843726 48.45187473579305 47.537202184844574 100.11584571263893 30.93703459889951 92.51565598364095 56.47510900842433 65.7828922100764 84.17793904492856 22.636434060037093 25.86465428723453 27.124722735922944 41.846579529719484 49.99616114091336 106.41416991018025 41.53739173037019 71.81224139279944 65.44504880431107 50.31334380637953 61.308298772526555 83.25218317063397 116.87856958258344 25.54521754889165 7.5694015334105735 26.60062808307197 70.72580439043408 89.42058589859525 37.765108524529744 96.43717513614516 32.95194290547413 99.33719858638119 104.97739814357156 38.098756493410235 72.85313214333154 38.232046241519896 92.06248907476973 76.94573599409195 93.99297816978259 41.30981343483435 43.14624435946206 45.02144758688284 66.64676236836938 50.62935462024587 13.385890140732995 54.802902054494815 109.97817080697358 99.6312000881437 95.4940049808744 43.07486579689504 45.104584532659615 85.761371159627 81.7618375007345 76.53538979124144 93.61591765401053 68.41898178041339 56.36175690191757 43.58959510069409 96.63011856661191 99.6730395896861 53.52420383909523 89.03392808862489 35.65123762171269 71.7189403477436 85.51978983250083 78.8582932436812 89.84051103690182 103.88915783156702 15.81562785606688 82.18284552514265 56.822469991932415 65.3028233579719 67.64455274492586 60.66060718326243 32.29074939408878 5.094121133815359 67.85476997874625 41.03791527000284 35.99360551972585 69.96936700160335 75.01221153571827 82.63477440065539 73.05040159843156 36.0598987563065 97.04488318423329 81.34396783065127 77.58067425790615
113.45261261826813 82.59327176673213 86.30863155407724 76.50564524550174 11.610916934460594 22.011419048395904 0.0 31.202292957325596 75.70280847691723 6.689441937328295 26.06454844737347 14.845109046749336 103.82293121735218 10.119605938268364 58.38075780595129 57.72315185803599 26.393756886436403 93.64239282425004 10.560621216210954 97.43743784520035 62.57543714868672 65.76434468375652 75.92174087491212 6.508755482228446 25.146082831487135 37.125653171183295 28.561792465215273 30.51097505768302 101.05586069427736 37.713404933062975 81.82218268711065 79.80168686956607 60.74227326848978 62.513345209956825 85.55504484418523 114.86315332339997 5.458369392568352 16.70758165161389 22.373609955913675 67.27073098140274 77.05237644803871 33.26830867062262 98.45294599852758 50.13095473535486 92.25071022358425 100.71336553459663 16.25660362504396 61.02111254208645 52.128230053432624 83.83406256925814 86.33714072667235 94.22157926711871 55.85394527495268 37.8786462377087 56.60199838356795 62.00358411815738 58.611638645102694 19.388243682439818 51.79449060751158 110.38438622755015 96.5034985806142 86.23726424954101 42.340060113734225 51.18628990956065 74.09849180559615 62.89560330535866 83.57567847423478 81.52763657880352 75.06648564686249 57.75031474508922 29.519199122491266 95.56636803711264 93.74559414491175 61.435325252895574 71.1790203452634 45.07978280220208 62.566189847310895 72.24187093834905 85.84954946219466 73.08057879285944 99.2479090517092 14.230051071578592 76.25485439676184 41.765176583314364 57.73880684588368 81.82448492357503 42.1773075192748 44.67948889919972 21.698809502387984 80.85177133498955 42.10028018812779 47.648873831812885 69.39825040435 73.73573026937446 65.48931996741919 67.58286150145781 35.084237767436115 79.03221879707333 69.50549637171254 69.53838528752553
97.75014152533892 83.28706546980156 66.10670048392487 49.01826140480112 39.15037097803777 18.398336832722613 31.202292957325596 0.0 82.21909653646988 27.027513692878237 12.411291788097333 20.762049628660634 84.00208746792174 21.365051632523343 27.95451933866501 30.089922359227128 50.613534364329645 85.47386358796237 35.52138388327091 74.18391025711092 38.18611521353483 48.959479512316854 71.04712563281034 27.64446795904691 16.03209674170806 8.810107445555724 36.69186104160723 50.05998897361667 91.06767343342787 28.824858528612463 53.700923942127964 49.04546160181995 32.1300435418225 44.157335620860664 65.38607375452712 99.97049311346191 31.64991516502723 24.597317619970426 19.426719467746885 55.29779343931693 79.13427678304367 26.352901139391754 78.53013145660718 19.2965224005544 85.0606801147284 89.12538327236553 44.02946277409205 62.88524309285755 21.253141831911883 78.66476102082655 58.74438040262143 76.56925373706608 24.830251309209306 31.19334696757291 27.067103962179768 52.04396968730859 32.23319090549228 11.835058505291038 39.989794795228605 92.36912172899392 83.35468750690444 82.67785773166881 28.0691225271571 26.99189802520211 75.04002085032621 78.68596095655032 58.13734751781625 82.95624474625066 50.03238617183268 39.315612008210756 38.787922988404496 79.59514969638634 84.74176307108218 35.12631627810272 84.30682487445111 17.254723578354007 59.753863538791535 76.16146738028338 60.46043786067869 83.77153695718242 88.23112019869133 17.394947627004186 67.69170191272396 51.04989881464879 52.60926407220626 51.14775059206476 58.333097108108724 14.360067249889008 13.759450209258944 50.71514654688866 25.23012052129851 17.898798597217432 53.24378916107219 58.43975747364687 77.30706618550674 58.62901431505374 22.429550476604497 92.24572793880189 70.94897424303011 64.56468247870727
71.13885732739469 15.73134544789861 68.47624669901876 85.75950668742121 85.31390557486445 90.43237272302173 75.70280847691723 82.21909653646988 0.0 80.73015063195109 70.14739629978314 85.13544329383625 76.26126295871386 78.40947999518835 88.83252484723369 79.20927931535827 55.15612665169548 41.0307886441983 65.55222388068023 82.75493349819389 72.25563395711478 55.65227160530464 28.374230778436115 70.76100805454104 66.75552091092803 78.11525549490969 48.6921624717165 47.560854581347876 49.30028961420403 54.16164723702803 90.7554002412132 103.1769224577771 82.96146623157723 58.9774653750182 68.0836207926863 70.03155259162476 70.24525121763737 89.50244696590624 64.54931042933768 45.168583799739466 11.298382895070178 55.91996684662057 73.50437270543424 95.13964617145321 38.054688175205484 52.94722146709882 64.77279274408669 20.3645868947201 88.39893133793534 30.094604079904325 91.21039023020076 65.12353217075443 91.36667051838113 51.48049798323912 84.48371348511533 42.02501761698651 76.2406010027016 77.82781088605566 49.23219883885835 75.26876861457222 54.58267929068172 26.986328684463405 57.715790267422605 70.75436908532993 14.515033125869893 25.18702024793083 82.38164635121251 13.659558047060367 77.51814856987838 59.42409066604316 47.11609438011459 61.34187881290944 43.07635782820465 76.72226256002878 17.512113851527893 77.40704573773932 27.684117591559986 8.081002823651108 83.33510887181042 10.952551716747685 50.74593381007842 74.63384590851106 37.14394170843293 34.07649090692945 34.718466577467616 103.83559633190112 36.10814691455526 83.1250723013309 86.4324379483118 99.5070854797561 61.35211566145973 82.27336380549498 54.31370142247031 52.71649100375811 15.398675257807776 38.60405378236731 60.55844831644848 19.7847327301165 15.119583915567588 29.441589934794788
114.70221175159247 86.76760445195384 86.2883496764373 74.31449756310461 12.29228353187734 15.497569653968034 6.689441937328295 27.027513692878237 80.73015063195109 0.0 24.507213068320077 8.410921456805905 104.03231222816741 6.046373407632514 54.838480877647044 55.30611235535293 32.988131910320874 96.32320891852589 16.762319482635423 96.69596837256769 61.177945692848105 66.26797367020367 79.0335450031768 9.969725104434549 24.53940138004429 33.99227758145061 32.60516902686844 36.67547634443493 103.43870392070615 38.8410536914263 79.43023548501166 76.06157035769735 58.02315585338521 62.60133784795837 85.53585276489434 116.30279358153305 11.277710267161511 10.063736368250355 22.74541210737822 68.84435173512205 81.3987884056367 34.448178590483295 98.60095860988623 45.29316503301369 95.10755388521613 102.76751186655923 22.946039069786735 65.10357229326677 48.267278140070076 86.98712879385464 84.16435493295761 94.88773141550625 51.85531495811268 39.48388711580831 53.484719004817 63.88287051881997 56.592322198481554 15.724197966940114 53.013599254341564 111.07684164111417 98.19576732051229 89.70982150316041 42.62521033522576 49.6039376659893 78.22030509570911 69.02354327802813 82.10139044044311 85.81336187571624 73.64228420719193 57.712106538900535 33.86603283579815 96.63115104722013 96.26373999186691 59.47778865989098 77.06175002418597 42.366442859064975 65.84215529778533 76.83136861333901 84.4062304597335 78.67115978143714 101.4081287654774 11.956389131698607 78.66443269679841 46.65694369007836 60.471054242355216 78.15060428015468 48.122945738175275 41.107421476445346 15.847063232805905 77.5380873614418 41.81527809280963 44.35291029618546 70.11196866562953 74.70801469158755 71.1614989000448 69.77673687872786 35.18662436861779 84.97434732903686 73.6517615372448 72.53699842950857
91.76874795006523 72.05268607617545 62.11345343269963 50.444593334825115 36.48763887822062 23.66789242357347 26.06454844737347 12.411291788097333 70.14739629978314 24.507213068320077 0.0 21.976093668282253 79.9718449930634 18.56303824351433 33.69739205294831 31.75063195122525 40.16238652530434 76.48263954662598 26.85004192987086 72.20085926239099 36.728883238892365 42.770130710134794 60.88319186546194 20.604492436174873 3.636330442736785 12.791544359871283 24.37310971226487 38.56565903665037 82.7479656755657 18.07653688098704 55.7915182501563 55.086121958817856 34.940152163364424 38.673899680832434 61.36450830102299 93.64865519416296 24.441475147530866 26.92483520838264 7.442753789862311 47.092877662130256 67.61493926552819 14.760691547335599 74.50898838475541 29.8530024943974 75.76037206496514 81.36294884530068 35.28585649044917 51.18367679524947 28.3917249190893 68.69957567021832 60.273190176115804 71.31197720153008 32.28372632994978 20.00039847072243 31.273068502493835 42.98579010849327 32.54709545257879 10.63124716203348 31.141718084961077 87.4486778338821 76.13473914799886 72.35112977627078 19.519155116019682 25.214574885274903 63.66457902186068 66.3411741697694 57.70230349820358 71.58694612634663 49.216084059658954 33.719314617846514 26.484033546050867 73.55721493313871 76.0130848362061 35.37434105342616 71.8958910259536 19.487992803360857 48.86112174384652 64.34072650577883 59.99607885286214 71.41345022937979 80.24681637095757 12.552318530383298 58.55046190286421 38.63869336220292 42.086018704060535 56.973366693800266 46.168314805211864 20.697599525302937 18.679098164701713 55.49343380522629 17.88725880718696 22.87527981424641 46.838730793263 51.74436887230315 64.90378525766572 49.41359106461866 12.392116910657059 79.8373254810428 59.43404714576317 54.30358047086845
113.71562029577885 89.87433317344103 83.90025891196677 69.46055773449218 19.050804388794994 7.171246624406821 14.845109046749336 20.762049628660634 85.13544329383625 8.410921456805905 21.976093668282253 0.0 101.80476547038539 6.855940012640165 48.665209709018185 50.41042890297656 40.49832773221608 97.30458989623109 23.926698386002865 93.36524172616411 57.402330659385846 64.7449618778186 80.72804119749091 15.816153289649396 23.251799115728392 28.755889035893766 36.4491539357182 43.296168097215066 103.98025764486223 38.78062770529256 74.30924461895395 69.51246160145261 52.73802992159624 60.616553060965124 83.155293616401 115.55070823379486 18.478577255516733 5.022509701238217 22.90088123730892 68.63768616558562 84.79018248232842 34.66109243233001 96.33058433766334 37.85929254965175 96.33295848376375 102.88078438532382 30.938703051912388 68.27209147750624 41.825733301608174 88.67054697381295 79.25711654993822 93.28186041491692 45.21970417461723 39.99650130545658 47.805710766802974 64.13929216362395 52.14553428808814 11.47999313243917 52.63083218476316 109.4079673449948 97.867823618149 91.81059170419849 41.35982611219938 45.81586188365105 81.3153338571243 75.32480061395991 78.0100298901027 89.08655710248176 69.68417320589789 55.6550375239757 38.03956737766886 95.51328119303533 97.02879856824316 55.060402837003025 82.87869236654835 37.37915056975469 67.90208077510042 80.60967229881858 80.33337404752035 83.98163596577791 101.66837465175479 11.127204651362666 79.42799285330656 51.222267242920225 61.88858757854627 71.65838758271396 54.24445094371388 35.121897088857175 7.892130546653576 71.4239192570311 39.86261318664187 38.62251388143083 68.79961285155534 73.66522039225838 76.64894446457453 70.35781221711481 34.00877636753813 90.8658398993638 76.82094819087169 74.14535210951004
19.830880268395124 62.29531881044804 17.937330167984385 42.9765635641678 115.25523207433918 101.91929414575839 103.82293121735218 84.00208746792174 76.26126295871386 104.03231222816741 79.9718449930634 101.80476547038539 0.0 98.32621485940926 65.01835811833064 56.42482101411614 102.23249644981281 38.67744689340667 99.30488248670008 15.851432119620771 46.31780214634118 38.117336889887376 48.18015952915363 97.38444551815296 79.49868331108652 75.22763875953045 81.0490865406429 94.97349301904912 34.19937789794092 66.31497562348657 42.97430168895766 61.11218275954205 56.70727711730207 41.43175958685257 18.673829903740675 23.421778841237487 100.12097185436839 106.6254480084027 81.57169159478362 39.85208641308364 65.0465585793881 70.71076456842174 5.482836980122931 80.3733595751119 41.453426215805976 28.86308839699829 105.12872712988366 64.42428829609685 70.69360897057986 46.74047246457637 38.70841767005354 11.57439647205649 70.31859169862346 66.68560914761514 62.319234622232635 45.8308111883376 53.1706650304624 90.3249517606228 52.77853030832576 10.325343776340333 23.47032042292451 51.20446550215981 61.527523257062775 57.02186062512861 61.92181592281729 96.22834130140846 31.554464028874516 64.07758441321586 36.61322449271717 46.32832965033284 81.72872101998516 15.03885056916394 36.17301782290228 50.635962223272664 92.39757520335256 67.32982007229906 55.596949855287214 68.97924947401435 29.976464576113006 86.53079445807582 30.481219096279727 92.23993893832169 40.10016970593791 79.27819444782264 54.150137027947075 59.982669543376055 90.99575115355258 72.54695148139443 96.8910032812903 55.100044943048225 62.24105393286206 68.95546451447818 34.7988258384548 31.381798876211615 86.98383743184002 43.518278947565555 68.90463615982931 96.0410081354299 62.9830178937828 49.487054399299375
109.37625298761563 83.48961764295522 80.53111687275695 68.27063215281683 18.311234192211764 13.440457373674388 10.119605938268364 21.365051632523343 78.40947999518835 6.046373407632514 18.56303824351433 6.855940012640165 98.32621485940926 0.0 48.991713387017626 49.26821910674215 34.20211127648941 91.81530490625181 17.60875354587181 90.76211653369701 55.16964899194122 60.71836220675777 74.88102215018951 9.20458100617734 18.86771399572735 28.01623197084046 29.762135089793656 36.58292972454661 98.7258419464139 33.72405766209552 73.39673934281318 70.29534050216327 52.01228764453381 56.91602541756529 79.77977216145642 111.0618758495336 12.373078306582808 11.139638286286269 17.560369193920305 63.76412502317128 78.31217787145094 29.418600417679556 92.88087824194717 40.07500955329174 90.72207261735016 97.86250304175326 25.214430407085832 61.8432495352353 42.520159872287785 82.83800564879475 78.12083061894792 89.34660697346786 46.168126617530056 34.62119632946721 47.53231514725574 58.98883061097608 50.54653032086464 9.782314383837255 47.82646272273284 105.52805016489077 93.10388408071833 85.80114489835745 37.09134697115514 43.58549488837353 74.92626378110744 68.509318702651 76.07653776788082 82.64820981605939 67.62468420376882 51.99937132143964 31.29403544787529 91.24711029814384 91.6500705046236 53.43279698378612 76.02425366329592 36.34415137533209 61.87776026910988 74.0205478266238 78.38333694729893 77.13832144536455 96.56618510531165 6.086380674475555 74.02983637920805 44.44000140056488 56.135431946993485 72.36293758968428 47.41951003772991 35.25049610612905 11.914299000231306 71.64574267509714 36.0855571694504 38.42817749790313 64.633715199017 69.32542983939383 69.79592163424532 65.04159967688544 29.641805230180434 84.01294374027329 70.403084622767 68.3276279546649
82.07940910761944 84.79089942286946 48.47213496974488 23.83359170390867 67.05001165110365 45.278673698843726 58.38075780595129 27.95451933866501 88.83252484723369 54.838480877647044 33.69739205294831 48.665209709018185 65.01835811833064 48.991713387017626 0.0 10.63525354327369 73.19456676922694 78.44104584770639 60.53896664897385 52.1443040152463 21.132625529343493 39.22194282152318 69.1520712013898 53.79658622864321 36.29330390790809 21.330533282099985 53.955762714146736 70.24916938475334 81.66938901210685 37.87147225972524 27.3175137838486 21.46907183836771 8.539897595430833 34.05268464012681 47.88906897521632 84.96683426793977 57.77240148405114 52.18639061741955 40.42116113223299 49.4313760056767 82.36624600762539 38.86561560013372 59.876286100825396 15.732503380524674 79.03004694433683 78.31066529627854 68.98226262943025 68.49031532587563 7.107168699456505 75.36574635708541 32.70891769949288 60.62929839024423 5.328799574244015 40.64572714003956 4.378628579905726 49.242531519609685 14.348210754284208 39.217450321042385 39.68018165665372 74.69645172936454 71.5198536005521 80.38615542577988 32.2814232313908 18.079332681207887 77.83245091354189 92.9256373236459 34.829365648464446 85.14774003289078 28.41099577359761 31.192103006955982 55.969163748992756 65.17093918219247 76.9653807850198 15.705233895184888 96.0004514928343 14.673344073683525 61.93309804640126 81.35407004751256 36.990183997926984 93.60157387707973 78.07805927009284 44.15793526800385 62.75494352950055 64.81811894141778 54.441059060791275 23.451161498522342 75.2354660241318 13.741354211596756 41.27596295716229 22.762524481322018 28.852358929405856 10.847955325159772 43.07629401342916 48.04168730302446 88.69502155999102 55.14376168266393 33.154759688427546 103.33403198364087 74.79045574112853 63.73183305511372
72.60686029780348 74.49810854436781 39.208035422577545 19.062474539432802 67.5762561492616 48.45187473579305 57.72315185803599 30.089922359227128 79.20927931535827 55.30611235535293 31.75063195122525 50.41042890297656 56.42482101411614 49.26821910674215 10.63525354327369 0.0 68.84284081302894 67.83301480610659 58.00107960508002 44.859719119889924 10.829658527701651 28.58879474831801 58.66161127365052 52.345319278244304 33.45196518226587 21.656274709697026 48.16050657278021 64.88206774618324 71.20450932007843 30.784707428299253 24.138927897790264 26.05384416146105 4.033939306491049 23.418859814794235 38.57212090675109 75.35535490589545 56.131836680464005 54.58203850314606 37.27697543224928 38.83806425696201 72.29313708630498 32.77853793721761 51.11002740651284 24.244621397577827 68.39992038245971 67.96894912357024 66.11909880546763 58.96855190794729 14.494868904634338 64.77324901465411 28.89183189666655 51.04831260322468 15.135335246319187 33.36270013088863 6.580041380245143 38.87676334367306 3.7565589326209934 39.683756243161696 29.993592643327435 65.73107609384523 61.2651836669445 69.82371591087674 24.497652887083547 9.288656725098587 67.74374520927925 84.97817901185165 28.214628952088358 74.92665342136496 20.492529079803482 20.710101641789947 50.0291947110142 55.29465950872852 66.38300471408296 5.799316735515347 87.343044758954 13.036017084516153 51.96689552088202 71.57528497650111 30.523518714894628 84.54764839070076 67.66655087183227 43.72005884452564 52.14079198254685 57.36180240778462 44.578669004330784 27.455977066838052 68.47149909932891 16.63508500874745 43.836335150318966 24.778977568970404 21.545119714968454 12.877745321341905 32.46996206712072 37.47923929548932 80.0587106714684 44.643570802226996 27.38848405801186 94.45634088678321 64.88073769052023 53.372875512205724
107.36056585913957 65.54796466727475 86.47566261071935 85.43020859986915 32.47899788566726 47.537202184844574 26.393756886436403 50.613534364329645 55.15612665169548 32.988131910320874 40.16238652530434 40.49832773221608 102.23249644981281 34.20211127648941 73.19456676922694 68.84284081302894 0.0 82.48219058770894 16.60361546148819 99.8313732348812 69.69249251151567 65.46477539557944 63.924132858095554 25.050400874910032 37.097103796375485 52.93323879481471 22.074947817872307 8.199494292649588 90.81538345231863 39.81521633025187 91.18108937706519 94.11509593823268 72.62402553234922 64.15735907735902 85.76219764354842 107.96072012585948 22.020661273535353 43.0518682197198 32.936558942318165 62.5335329450092 59.51251510776694 36.5850805890077 97.33545136950768 69.61601264675686 80.41663435534223 91.83773959560149 10.87631597324018 45.866145259968285 68.44100947828713 71.1672931754675 94.66393492947272 91.2554317553011 72.33038669195665 38.115033450144 70.15637721689257 56.566199128895576 68.28993948533454 40.020126559266714 50.47626714006303 106.62682422116735 89.29216106691959 72.07168377883985 46.361973847664764 60.19866982742859 57.73686299683354 37.83119589996885 89.449810714087 64.04039767373759 81.27987721514275 60.42330853041867 20.885800884619346 90.93984372005927 83.2594075117152 70.63625667358797 46.98411898573518 58.53872062396537 50.99250789460182 53.85659349213841 91.48345277179968 50.10395066806244 89.99833522046744 34.4278377798244 67.25043299005294 25.29937189629434 49.17564979143643 95.81748468623313 19.07273386251271 60.790548985035926 45.86533310049077 93.59366859300356 48.176513450512374 62.60903367137793 67.92352075718792 70.85568057199932 42.384677200989316 60.22701316871905 41.55027813587507 54.46430625469853 53.33465708753304 58.5309537058953
30.139505144246282 25.555280205913064 38.333364699139004 64.7207158137881 105.05618829699839 100.11584571263893 93.64239282425004 85.47386358796237 41.0307886441983 96.32320891852589 76.48263954662598 97.30458989623109 38.67744689340667 91.81530490625181 78.44104584770639 67.83301480610659 82.48219058770894 0.0 85.84633165840522 49.72858630542793 57.48699895505994 39.31527846200844 18.5581274551343 87.3311106038442 74.3362294404852 78.07546424659147 65.73325384370122 74.32863858010538 8.678398491696019 58.634405833709685 67.91609777221781 84.65808470810823 70.31990565156443 44.58105077617365 38.33900067630435 29.028996823334968 88.69874698308847 102.30459683963932 74.43199265995308 30.384780026015267 29.96661610908646 62.64797362312228 37.67564551402208 90.51459292831247 3.022430826783708 11.945047359714378 88.93255804001271 37.083754305098154 81.33953159319786 11.902040649200556 66.06569632221154 29.505244166490705 82.83212075968116 57.30951305067906 74.3693446698997 33.546573156517304 64.09646693760497 86.81446877246897 45.57001097203431 35.243596359169466 15.225859023496607 14.063240962347031 57.519256147034575 62.856850675815956 28.45665712737048 64.54579712227327 56.665236083758124 27.572466500661655 55.78340059498772 48.31824173881031 65.38996354415795 24.082937091788242 2.5069370266431745 62.96106600108887 58.39519107375546 73.03348983891733 31.76373608505877 35.30504648181368 56.56717712918953 51.9460603491765 9.74771198849895 86.2666586205871 17.93327080319377 57.18662911866542 35.91333920638225 84.44153162953296 66.3656586104354 79.36701399018298 95.16048085712403 79.41622581581015 60.246050308457846 76.81974744627576 35.36505422723991 30.4831922419149 54.540023810351194 27.069058162818884 64.12386366948904 60.361357363868976 31.49532910996603 24.34586730057314
107.40455781946179 73.17042297571662 82.28987470759044 76.03038070244894 19.98358248571646 30.93703459889951 10.560621216210954 35.52138388327091 65.55222388068023 16.762319482635423 26.85004192987086 23.926698386002865 99.30488248670008 17.60875354587181 60.53896664897385 58.00107960508002 16.60361546148819 85.84633165840522 0.0 94.39869406095788 61.078003149871215 61.264376562473565 67.71789395056638 8.531680082952713 24.591926737733345 39.39657606309647 20.113682240937884 19.970558677553907 93.58950003113732 33.20645680405725 81.60338171365122 81.93536499839679 61.44549785804414 58.704283419163595 81.54317876082762 108.55104473827075 5.513990834418364 26.75532145938821 20.733547343339076 61.194118430338264 67.48231747004519 28.982853314898176 94.06718197221139 54.806932451213925 84.24765637982188 93.66804943994985 8.545585049149938 51.81353315434708 55.00144369575535 75.52561364105621 85.69785207075755 89.11994418880936 58.87050779320617 32.62122860812541 58.07835929312406 55.584821265589504 58.214638128910835 24.204371309411137 46.56063384315777 105.12730688255753 89.96120368201103 77.54550889865543 38.89256846416843 50.30877306951568 64.76576428127332 52.35485894156227 81.8375328064468 71.99945525619084 73.3706863893631 54.247710943342035 20.57868847946011 89.88950466002342 86.15082799517447 60.86692892265206 60.62348856745807 46.27059718779939 54.28777539435733 62.46229909200599 84.03347946612767 62.60363874268137 92.07439148931148 18.469133259412608 68.93239756329572 31.889427628382826 50.227018543845446 83.8142710590555 31.620016922496262 47.30825741082006 29.359214383745858 82.21704270645925 39.55614796751248 49.70262891956151 64.52382419894343 68.41978204506498 54.98637986721173 60.64586327584665 32.364797801101716 68.47188144346822 60.1720343429649 61.53037206687931
35.66627706497575 70.44687527679548 14.621485201656087 28.827101040369158 108.48874217294583 92.51565598364095 97.43743784520035 74.18391025711092 82.75493349819389 96.69596837256769 72.20085926239099 93.36524172616411 15.851432119620771 90.76211653369701 52.1443040152463 44.859719119889924 99.8313732348812 49.72858630542793 94.39869406095788 0.0 36.05361129545193 34.465571179108615 54.48080199648939 91.21308926276375 72.39761086233517 65.40017031147448 77.89169000402781 93.27930991280424 47.1895107848093 61.29234699538704 27.841576345845155 45.73442829738541 44.309842404123096 35.87010644282727 15.166944036365294 39.23327508726963 94.36847116928492 97.95483831046354 75.10257592120537 40.463605325468016 72.01844150179973 65.42240021272342 13.09809361929976 67.83268304048367 52.110388438502945 42.00232917809753 101.10429322764395 67.74671922410843 58.4214681418702 55.224344407529784 23.18887819205176 20.315588234187672 57.46675492162461 62.31177346915963 50.06560040862955 45.94896119741279 42.114088129095975 81.99985241895118 49.361532463988055 26.091561747520096 35.45979253453858 60.304153559142726 55.540151016405865 47.56851580565474 68.25549697374309 99.82941540733835 17.376361915949282 71.9779327193112 24.368659528440055 40.15598808954092 78.94885615115187 26.10422290579992 47.28328996621316 39.30590041424154 97.50702005540904 56.99207762629299 58.49723799651035 74.93573616488094 15.368108646235548 92.21052556993301 43.18439863778739 84.74129123550296 45.619938850512554 79.10687723492545 55.03011620892332 44.47404050286546 91.27877352996792 61.46745547442636 87.64388763192171 39.70660496636354 55.356839313618714 57.72871758374333 32.67343526077429 31.554284340256945 91.3626513614796 45.89975251523099 62.46945925740437 102.19665888078961 68.28627540603962 53.87679594545265
